monica_dirbatch100.npy
  20000   20000  835726
  20000   40000 1035948
  20000   40000  876044
  20000   40000  876104
  20000   40000  873770
monica_dirbatch101.npy
  20000   20000  835852
  20000   40000 1036222
  20000   40000  876000
  20000   40000  875918
  20000   40000  873908
monica_dirbatch102.npy
  20000   20000  835430
  20000   40000 1036088
  20000   40000  876080
  20000   40000  875894
  20000   40000  873822
monica_dirbatch103.npy
  20000   20000  835648
  20000   40000 1035764
  20000   40000  876028
  20000   40000  875984
  20000   40000  873704
monica_dirbatch104.npy
  20000   20000  835352
  20000   40000 1036136
  20000   40000  875884
  20000   40000  875976
  20000   40000  873766
monica_dirbatch105.npy
  20000   20000  835748
  20000   40000 1035870
  20000   40000  875980
  20000   40000  875920
  20000   40000  873862
monica_dirbatch106.npy
  20000   20000  835574
  20000   40000 1036192
  20000   40000  876016
  20000   40000  875886
  20000   40000  873756
monica_dirbatch107.npy
  20000   20000  835760
  20000   40000 1036076
  20000   40000  875868
  20000   40000  875918
  20000   40000  873798
monica_dirbatch108.npy
  20000   20000  835528
  20000   40000 1036148
  20000   40000  875972
  20000   40000  876002
  20000   40000  873842
monica_dirbatch109.npy
  20000   20000  835388
  20000   40000 1035998
  20000   40000  876008
  20000   40000  875982
  20000   40000  873990
monica_dirbatch110.npy
  20000   20000  835146
  20000   40000 1035684
  20000   40000  875892
  20000   40000  876052
  20000   40000  873648
monica_dirbatch111.npy
  20000   20000  835360
  20000   40000 1036140
  20000   40000  875836
  20000   40000  875862
  20000   40000  873838
monica_dirbatch112.npy
  20000   20000  835532
  20000   40000 1036150
  20000   40000  876028
  20000   40000  876158
  20000   40000  873554
monica_dirbatch113.npy
  20000   20000  835346
  20000   40000 1036034
  20000   40000  876028
  20000   40000  876068
  20000   40000  873894
monica_dirbatch114.npy
  20000   20000  835336
  20000   40000 1036080
  20000   40000  875876
  20000   40000  875904
  20000   40000  873784
monica_dirbatch115.npy
  20000   20000  835466
  20000   40000 1036086
  20000   40000  875844
  20000   40000  875888
  20000   40000  874028
monica_dirbatch116.npy
  20000   20000  835550
  20000   40000 1036108
  20000   40000  875856
  20000   40000  876168
  20000   40000  873816
monica_dirbatch117.npy
  20000   20000  835674
  20000   40000 1036044
  20000   40000  875996
  20000   40000  875932
  20000   40000  874242
monica_dirbatch118.npy
  20000   20000  835344
  20000   40000 1036020
  20000   40000  875960
  20000   40000  875786
  20000   40000  873736
monica_dirbatch119.npy
  20000   20000  835482
  20000   40000 1036056
  20000   40000  875932
  20000   40000  876000
  20000   40000  873654
monica_dirbatch120.npy
  20000   20000  835520
  20000   40000 1035990
  20000   40000  876000
  20000   40000  876046
  20000   40000  874048
monica_dirbatch121.npy
  20000   20000  835712
  20000   40000 1035876
  20000   40000  875928
  20000   40000  875962
  20000   40000  874132
monica_dirbatch122.npy
  20000   20000  835266
  20000   40000 1036252
  20000   40000  875940
  20000   40000  876124
  20000   40000  873562
monica_dirbatch123.npy
  20000   20000  835576
  20000   40000 1035922
  20000   40000  876008
  20000   40000  875866
  20000   40000  874026
monica_dirbatch124.npy
  20000   20000  835524
  20000   40000 1036170
  20000   40000  875964
  20000   40000  876126
  20000   40000  874072
monica_dirbatch125.npy
  20000   20000  835398
  20000   40000 1036148
  20000   40000  875980
  20000   40000  876160
  20000   40000  873828
monica_dirbatch126.npy
  20000   20000  835598
  20000   40000 1036288
  20000   40000  875884
  20000   40000  876000
  20000   40000  874004
monica_dirbatch127.npy
  20000   20000  835228
  20000   40000 1036210
  20000   40000  875972
  20000   40000  876010
  20000   40000  873502
monica_dirbatch128.npy
  20000   20000  835598
  20000   40000 1036048
  20000   40000  876088
  20000   40000  875950
  20000   40000  873662
monica_dirbatch129.npy
  20000   20000  835638
  20000   40000 1036140
  20000   40000  875844
  20000   40000  875892
  20000   40000  873808
monica_dirbatch130.npy
  20000   20000  835756
  20000   40000 1036082
  20000   40000  876048
  20000   40000  875936
  20000   40000  874040
monica_dirbatch131.npy
  20000   20000  835270
  20000   40000 1036034
  20000   40000  875748
  20000   40000  875984
  20000   40000  873746
monica_dirbatch132.npy
  20000   20000  835574
  20000   40000 1036100
  20000   40000  875828
  20000   40000  876130
  20000   40000  873710
monica_dirbatch133.npy
  20000   20000  835588
  20000   40000 1035738
  20000   40000  875956
  20000   40000  875938
  20000   40000  874080
monica_dirbatch134.npy
  20000   20000  835518
  20000   40000 1036020
  20000   40000  875796
  20000   40000  875878
  20000   40000  873666
monica_dirbatch135.npy
  20000   20000  835612
  20000   40000 1035894
  20000   40000  875980
  20000   40000  876042
  20000   40000  873976
monica_dirbatch136.npy
  20000   20000  835464
  20000   40000 1036262
  20000   40000  876244
  20000   40000  875936
  20000   40000  873958
monica_dirbatch137.npy
  20000   20000  835578
  20000   40000 1035986
  20000   40000  875808
  20000   40000  875884
  20000   40000  873876
monica_dirbatch138.npy
  20000   20000  835490
  20000   40000 1035974
  20000   40000  875884
  20000   40000  875878
  20000   40000  873574
monica_dirbatch139.npy
  20000   20000  835502
  20000   40000 1036218
  20000   40000  876092
  20000   40000  876030
  20000   40000  873982
monica_dirbatch140.npy
  20000   20000  835546
  20000   40000 1036138
  20000   40000  876004
  20000   40000  875862
  20000   40000  873660
monica_dirbatch141.npy
  20000   20000  835606
  20000   40000 1036190
  20000   40000  875876
  20000   40000  875984
  20000   40000  873944
monica_dirbatch142.npy
  20000   20000  835466
  20000   40000 1036110
  20000   40000  876028
  20000   40000  875928
  20000   40000  873824
monica_dirbatch143.npy
  20000   20000  835792
  20000   40000 1036030
  20000   40000  876040
  20000   40000  876090
  20000   40000  873774
monica_dirbatch144.npy
  20000   20000  835558
  20000   40000 1036224
  20000   40000  875992
  20000   40000  876086
  20000   40000  873808
monica_dirbatch145.npy
  20000   20000  835826
  20000   40000 1036012
  20000   40000  876016
  20000   40000  876030
  20000   40000  873852
monica_dirbatch146.npy
  20000   20000  835686
  20000   40000 1036034
  20000   40000  875848
  20000   40000  875964
  20000   40000  874004
monica_dirbatch147.npy
  20000   20000  835654
  20000   40000 1036022
  20000   40000  876092
  20000   40000  875936
  20000   40000  873948
monica_dirbatch148.npy
  20000   20000  835344
  20000   40000 1035906
  20000   40000  875744
  20000   40000  875896
  20000   40000  874010
monica_dirbatch149.npy
  20000   20000  835600
  20000   40000 1036186
  20000   40000  875884
  20000   40000  875998
  20000   40000  873620
monica_dirbatch150.npy
  20000   20000  835706
  20000   40000 1036078
  20000   40000  875992
  20000   40000  875960
  20000   40000  873830
monica_dirbatch151.npy
  20000   20000  835836
  20000   40000 1036176
  20000   40000  876024
  20000   40000  876038
  20000   40000  873796
monica_dirbatch152.npy
  20000   20000  835556
  20000   40000 1036104
  20000   40000  875912
  20000   40000  876034
  20000   40000  873952
monica_dirbatch153.npy
  20000   20000  835514
  20000   40000 1035898
  20000   40000  875968
  20000   40000  876004
  20000   40000  873694
monica_dirbatch154.npy
  20000   20000  835386
  20000   40000 1036098
  20000   40000  875936
  20000   40000  876140
  20000   40000  873858
monica_dirbatch155.npy
  20000   20000  835776
  20000   40000 1036026
  20000   40000  876092
  20000   40000  875914
  20000   40000  874012
monica_dirbatch156.npy
  20000   20000  835502
  20000   40000 1036234
  20000   40000  875772
  20000   40000  875992
  20000   40000  873680
monica_dirbatch157.npy
  20000   20000  835334
  20000   40000 1036038
  20000   40000  875960
  20000   40000  876120
  20000   40000  874034
monica_dirbatch158.npy
  20000   20000  835190
  20000   40000 1036054
  20000   40000  876008
  20000   40000  875812
  20000   40000  874026
monica_dirbatch159.npy
  20000   20000  835296
  20000   40000 1036030
  20000   40000  875996
  20000   40000  876220
  20000   40000  873748
monica_dirbatch160.npy
  20000   20000  835516
  20000   40000 1035832
  20000   40000  876084
  20000   40000  876072
  20000   40000  873966
monica_dirbatch161.npy
  20000   20000  835714
  20000   40000 1036218
  20000   40000  875960
  20000   40000  875890
  20000   40000  873808
monica_dirbatch162.npy
  20000   20000  835394
  20000   40000 1035972
  20000   40000  875968
  20000   40000  876034
  20000   40000  873602
monica_dirbatch163.npy
  20000   20000  835678
  20000   40000 1035870
  20000   40000  875976
  20000   40000  876076
  20000   40000  873960
monica_dirbatch164.npy
  20000   20000  835616
  20000   40000 1035872
  20000   40000  875844
  20000   40000  876220
  20000   40000  873904
monica_dirbatch165.npy
  20000   20000  835514
  20000   40000 1036066
  20000   40000  875968
  20000   40000  876160
  20000   40000  874096
monica_dirbatch166.npy
  20000   20000  835534
  20000   40000 1036178
  20000   40000  875988
  20000   40000  875880
  20000   40000  874032
monica_dirbatch167.npy
  20000   20000  835388
  20000   40000 1036200
  20000   40000  875896
  20000   40000  875922
  20000   40000  873814
monica_dirbatch168.npy
  20000   20000  835204
  20000   40000 1035952
  20000   40000  876212
  20000   40000  876022
  20000   40000  873854
monica_dirbatch169.npy
  20000   20000  835394
  20000   40000 1036246
  20000   40000  875904
  20000   40000  876000
  20000   40000  873746
monica_dirbatch170.npy
  20000   20000  835748
  20000   40000 1036232
  20000   40000  876048
  20000   40000  875822
  20000   40000  873906
monica_dirbatch171.npy
  20000   20000  835424
  20000   40000 1035954
  20000   40000  875996
  20000   40000  876052
  20000   40000  873580
monica_dirbatch172.npy
  20000   20000  835438
  20000   40000 1036114
  20000   40000  875920
  20000   40000  876048
  20000   40000  873880
monica_dirbatch173.npy
  20000   20000  835212
  20000   40000 1036026
  20000   40000  876176
  20000   40000  875964
  20000   40000  873802
monica_dirbatch174.npy
  20000   20000  835348
  20000   40000 1036230
  20000   40000  875888
  20000   40000  876180
  20000   40000  873764
monica_dirbatch175.npy
  20000   20000  835386
  20000   40000 1036174
  20000   40000  876012
  20000   40000  876040
  20000   40000  874134
monica_dirbatch176.npy
  20000   20000  835496
  20000   40000 1036128
  20000   40000  875988
  20000   40000  876022
  20000   40000  873818
monica_dirbatch177.npy
  20000   20000  835476
  20000   40000 1036094
  20000   40000  875852
  20000   40000  875826
  20000   40000  873740
monica_dirbatch178.npy
  20000   20000  835672
  20000   40000 1036204
  20000   40000  875944
  20000   40000  875948
  20000   40000  873916
monica_dirbatch179.npy
  20000   20000  835298
  20000   40000 1035948
  20000   40000  875780
  20000   40000  875980
  20000   40000  873848
monica_dirbatch180.npy
  20000   20000  835526
  20000   40000 1036188
  20000   40000  875944
  20000   40000  875962
  20000   40000  873822
monica_dirbatch181.npy
  20000   20000  835360
  20000   40000 1036152
  20000   40000  875912
  20000   40000  875954
  20000   40000  873940
monica_dirbatch182.npy
  20000   20000  835734
  20000   40000 1035954
  20000   40000  875952
  20000   40000  875880
  20000   40000  873842
monica_dirbatch183.npy
  20000   20000  835350
  20000   40000 1035646
  20000   40000  875972
  20000   40000  875858
  20000   40000  873586
monica_dirbatch184.npy
  20000   20000  835512
  20000   40000 1035864
  20000   40000  876064
  20000   40000  876010
  20000   40000  873554
monica_dirbatch185.npy
  20000   20000  835574
  20000   40000 1036002
  20000   40000  876088
  20000   40000  876104
  20000   40000  874032
monica_dirbatch186.npy
  20000   20000  835472
  20000   40000 1036096
  20000   40000  875936
  20000   40000  875962
  20000   40000  873868
monica_dirbatch187.npy
  20000   20000  835388
  20000   40000 1036094
  20000   40000  875800
  20000   40000  876134
  20000   40000  873798
monica_dirbatch188.npy
  20000   20000  835538
  20000   40000 1035746
  20000   40000  876104
  20000   40000  875884
  20000   40000  873860
monica_dirbatch189.npy
  20000   20000  835630
  20000   40000 1035950
  20000   40000  875956
  20000   40000  875964
  20000   40000  873828
monica_dirbatch190.npy
  20000   20000  835622
  20000   40000 1035926
  20000   40000  876008
  20000   40000  875990
  20000   40000  873700
monica_dirbatch191.npy
  20000   20000  835796
  20000   40000 1036128
  20000   40000  875748
  20000   40000  876054
  20000   40000  873944
monica_dirbatch192.npy
  20000   20000  835744
  20000   40000 1035882
  20000   40000  876176
  20000   40000  875990
  20000   40000  873938
monica_dirbatch193.npy
  20000   20000  835638
  20000   40000 1035876
  20000   40000  875988
  20000   40000  875740
  20000   40000  873968
monica_dirbatch194.npy
  20000   20000  835498
  20000   40000 1036066
  20000   40000  875952
  20000   40000  876004
  20000   40000  873694
monica_dirbatch195.npy
  20000   20000  835426
  20000   40000 1036068
  20000   40000  876020
  20000   40000  876044
  20000   40000  873892
monica_dirbatch196.npy
  20000   20000  835468
  20000   40000 1035978
  20000   40000  875844
  20000   40000  876040
  20000   40000  873646
monica_dirbatch197.npy
  20000   20000  835508
  20000   40000 1035868
  20000   40000  875792
  20000   40000  876022
  20000   40000  873986
monica_dirbatch198.npy
  20000   20000  835522
  20000   40000 1036196
  20000   40000  876080
  20000   40000  875964
  20000   40000  874000
monica_dirbatch199.npy
  20000   20000  835662
  20000   40000 1036290
  20000   40000  875968
  20000   40000  875962
  20000   40000  873706
