monica_dirbatch100.npy
  20000   20000  838558
  20000   40000 1036194
  20000   40000  875886
  20000   40000  875876
  20000   40000  875984
monica_dirbatch101.npy
  20000   20000  838594
  20000   40000 1036494
  20000   40000  876114
  20000   40000  876060
  20000   40000  875988
monica_dirbatch102.npy
  20000   20000  838518
  20000   40000 1036364
  20000   40000  875898
  20000   40000  876060
  20000   40000  876030
monica_dirbatch103.npy
  20000   20000  838580
  20000   40000 1036474
  20000   40000  875956
  20000   40000  876014
  20000   40000  876146
monica_dirbatch104.npy
  20000   20000  838544
  20000   40000 1036316
  20000   40000  875976
  20000   40000  876074
  20000   40000  876128
monica_dirbatch105.npy
  20000   20000  838620
  20000   40000 1036472
  20000   40000  876002
  20000   40000  875904
  20000   40000  875834
monica_dirbatch106.npy
  20000   20000  838578
  20000   40000 1036446
  20000   40000  875882
  20000   40000  875984
  20000   40000  875830
monica_dirbatch107.npy
  20000   20000  838596
  20000   40000 1036326
  20000   40000  876048
  20000   40000  875986
  20000   40000  876042
monica_dirbatch108.npy
  20000   20000  838562
  20000   40000 1036490
  20000   40000  875940
  20000   40000  876010
  20000   40000  876070
monica_dirbatch109.npy
  20000   20000  838604
  20000   40000 1036306
  20000   40000  876144
  20000   40000  876106
  20000   40000  875892
monica_dirbatch110.npy
  20000   20000  838552
  20000   40000 1036364
  20000   40000  875784
  20000   40000  875966
  20000   40000  876196
monica_dirbatch111.npy
  20000   20000  838658
  20000   40000 1036468
  20000   40000  875932
  20000   40000  876024
  20000   40000  876160
monica_dirbatch112.npy
  20000   20000  838522
  20000   40000 1036256
  20000   40000  875866
  20000   40000  876082
  20000   40000  875958
monica_dirbatch113.npy
  20000   20000  838594
  20000   40000 1036250
  20000   40000  875892
  20000   40000  876156
  20000   40000  875960
monica_dirbatch114.npy
  20000   20000  838610
  20000   40000 1036244
  20000   40000  875978
  20000   40000  875974
  20000   40000  876166
monica_dirbatch115.npy
  20000   20000  838560
  20000   40000 1036350
  20000   40000  875990
  20000   40000  876150
  20000   40000  875920
monica_dirbatch116.npy
  20000   20000  838634
  20000   40000 1036358
  20000   40000  875992
  20000   40000  876012
  20000   40000  875932
monica_dirbatch117.npy
  20000   20000  838486
  20000   40000 1036284
  20000   40000  875954
  20000   40000  875996
  20000   40000  876094
monica_dirbatch118.npy
  20000   20000  838574
  20000   40000 1036230
  20000   40000  876068
  20000   40000  875954
  20000   40000  876054
monica_dirbatch119.npy
  20000   20000  838602
  20000   40000 1036392
  20000   40000  876112
  20000   40000  876218
  20000   40000  875968
monica_dirbatch120.npy
  20000   20000  838582
  20000   40000 1036118
  20000   40000  875946
  20000   40000  875952
  20000   40000  876130
monica_dirbatch121.npy
  20000   20000  838588
  20000   40000 1036326
  20000   40000  876162
  20000   40000  875968
  20000   40000  875978
monica_dirbatch122.npy
  20000   20000  838556
  20000   40000 1036586
  20000   40000  876094
  20000   40000  875918
  20000   40000  876026
monica_dirbatch123.npy
  20000   20000  838514
  20000   40000 1036340
  20000   40000  875944
  20000   40000  875976
  20000   40000  876084
monica_dirbatch124.npy
  20000   20000  838624
  20000   40000 1036136
  20000   40000  875930
  20000   40000  875996
  20000   40000  876044
monica_dirbatch125.npy
  20000   20000  838546
  20000   40000 1036196
  20000   40000  876054
  20000   40000  876200
  20000   40000  876046
monica_dirbatch126.npy
  20000   20000  838640
  20000   40000 1036230
  20000   40000  875882
  20000   40000  876000
  20000   40000  875958
monica_dirbatch127.npy
  20000   20000  838514
  20000   40000 1036258
  20000   40000  876056
  20000   40000  875954
  20000   40000  875938
monica_dirbatch128.npy
  20000   20000  838508
  20000   40000 1036468
  20000   40000  876010
  20000   40000  875960
  20000   40000  875908
monica_dirbatch129.npy
  20000   20000  838618
  20000   40000 1036246
  20000   40000  875916
  20000   40000  875950
  20000   40000  876036
monica_dirbatch130.npy
  20000   20000  838576
  20000   40000 1036514
  20000   40000  876032
  20000   40000  876048
  20000   40000  876228
monica_dirbatch131.npy
  20000   20000  838530
  20000   40000 1036270
  20000   40000  875900
  20000   40000  876020
  20000   40000  876022
monica_dirbatch132.npy
  20000   20000  838526
  20000   40000 1036554
  20000   40000  876152
  20000   40000  876062
  20000   40000  875970
monica_dirbatch133.npy
  20000   20000  838614
  20000   40000 1036278
  20000   40000  876252
  20000   40000  875920
  20000   40000  875874
monica_dirbatch134.npy
  20000   20000  838554
  20000   40000 1036260
  20000   40000  875990
  20000   40000  876038
  20000   40000  875966
monica_dirbatch135.npy
  20000   20000  838582
  20000   40000 1036296
  20000   40000  876074
  20000   40000  875888
  20000   40000  876038
monica_dirbatch136.npy
  20000   20000  838564
  20000   40000 1036260
  20000   40000  876026
  20000   40000  875946
  20000   40000  875858
monica_dirbatch137.npy
  20000   20000  838606
  20000   40000 1036444
  20000   40000  876040
  20000   40000  875988
  20000   40000  875884
monica_dirbatch138.npy
  20000   20000  838560
  20000   40000 1036408
  20000   40000  875894
  20000   40000  876006
  20000   40000  876002
monica_dirbatch139.npy
  20000   20000  838542
  20000   40000 1036426
  20000   40000  876000
  20000   40000  875926
  20000   40000  876086
monica_dirbatch140.npy
  20000   20000  838578
  20000   40000 1036314
  20000   40000  875898
  20000   40000  875964
  20000   40000  875958
monica_dirbatch141.npy
  20000   20000  838610
  20000   40000 1036432
  20000   40000  876018
  20000   40000  876000
  20000   40000  875886
monica_dirbatch142.npy
  20000   20000  838618
  20000   40000 1036304
  20000   40000  875982
  20000   40000  875850
  20000   40000  875922
monica_dirbatch143.npy
  20000   20000  838584
  20000   40000 1036290
  20000   40000  875996
  20000   40000  876076
  20000   40000  876080
monica_dirbatch144.npy
  20000   20000  838588
  20000   40000 1036448
  20000   40000  875996
  20000   40000  876068
  20000   40000  875856
monica_dirbatch145.npy
  20000   20000  838590
  20000   40000 1036282
  20000   40000  875932
  20000   40000  875862
  20000   40000  876128
monica_dirbatch146.npy
  20000   20000  838546
  20000   40000 1036256
  20000   40000  876060
  20000   40000  875898
  20000   40000  876124
monica_dirbatch147.npy
  20000   20000  838632
  20000   40000 1036320
  20000   40000  875928
  20000   40000  876134
  20000   40000  876006
monica_dirbatch148.npy
  20000   20000  838446
  20000   40000 1036358
  20000   40000  875920
  20000   40000  875930
  20000   40000  876196
monica_dirbatch149.npy
  20000   20000  838560
  20000   40000 1036318
  20000   40000  875968
  20000   40000  875924
  20000   40000  875932
monica_dirbatch150.npy
  20000   20000  838646
  20000   40000 1036412
  20000   40000  876002
  20000   40000  875952
  20000   40000  875970
monica_dirbatch151.npy
  20000   20000  838660
  20000   40000 1036382
  20000   40000  876070
  20000   40000  875930
  20000   40000  876134
monica_dirbatch152.npy
  20000   20000  838538
  20000   40000 1036256
  20000   40000  875908
  20000   40000  875970
  20000   40000  876064
monica_dirbatch153.npy
  20000   20000  838520
  20000   40000 1036564
  20000   40000  875886
  20000   40000  876032
  20000   40000  876108
monica_dirbatch154.npy
  20000   20000  838632
  20000   40000 1036074
  20000   40000  876084
  20000   40000  876066
  20000   40000  875892
monica_dirbatch155.npy
  20000   20000  838546
  20000   40000 1036420
  20000   40000  876048
  20000   40000  876012
  20000   40000  875888
monica_dirbatch156.npy
  20000   20000  838608
  20000   40000 1036204
  20000   40000  875936
  20000   40000  876062
  20000   40000  875874
monica_dirbatch157.npy
  20000   20000  838478
  20000   40000 1036334
  20000   40000  876046
  20000   40000  876190
  20000   40000  875998
monica_dirbatch158.npy
  20000   20000  838530
  20000   40000 1036344
  20000   40000  875970
  20000   40000  875932
  20000   40000  875980
monica_dirbatch159.npy
  20000   20000  838636
  20000   40000 1036172
  20000   40000  875872
  20000   40000  876034
  20000   40000  875966
monica_dirbatch160.npy
  20000   20000  838660
  20000   40000 1036444
  20000   40000  875908
  20000   40000  875860
  20000   40000  875918
monica_dirbatch161.npy
  20000   20000  838514
  20000   40000 1036326
  20000   40000  876042
  20000   40000  875936
  20000   40000  876058
monica_dirbatch162.npy
  20000   20000  838500
  20000   40000 1036398
  20000   40000  875980
  20000   40000  875972
  20000   40000  876020
monica_dirbatch163.npy
  20000   20000  838602
  20000   40000 1036406
  20000   40000  875936
  20000   40000  875928
  20000   40000  875968
monica_dirbatch164.npy
  20000   20000  838556
  20000   40000 1036266
  20000   40000  875934
  20000   40000  876076
  20000   40000  876044
monica_dirbatch165.npy
  20000   20000  838666
  20000   40000 1036300
  20000   40000  876098
  20000   40000  876020
  20000   40000  876048
monica_dirbatch166.npy
  20000   20000  838596
  20000   40000 1036392
  20000   40000  875782
  20000   40000  876044
  20000   40000  876008
monica_dirbatch167.npy
  20000   20000  838530
  20000   40000 1036446
  20000   40000  876102
  20000   40000  875958
  20000   40000  875886
monica_dirbatch168.npy
  20000   20000  838548
  20000   40000 1036160
  20000   40000  876030
  20000   40000  875948
  20000   40000  876044
monica_dirbatch169.npy
  20000   20000  838680
  20000   40000 1036308
  20000   40000  875906
  20000   40000  875868
  20000   40000  876070
monica_dirbatch170.npy
  20000   20000  838646
  20000   40000 1036272
  20000   40000  876002
  20000   40000  876038
  20000   40000  876072
monica_dirbatch171.npy
  20000   20000  838566
  20000   40000 1036488
  20000   40000  875976
  20000   40000  876144
  20000   40000  875890
monica_dirbatch172.npy
  20000   20000  838588
  20000   40000 1036344
  20000   40000  875882
  20000   40000  876180
  20000   40000  875822
monica_dirbatch173.npy
  20000   20000  838538
  20000   40000 1036288
  20000   40000  875972
  20000   40000  875904
  20000   40000  876050
monica_dirbatch174.npy
  20000   20000  838568
  20000   40000 1036482
  20000   40000  876036
  20000   40000  876050
  20000   40000  875906
monica_dirbatch175.npy
  20000   20000  838516
  20000   40000 1036196
  20000   40000  875982
  20000   40000  876268
  20000   40000  875790
monica_dirbatch176.npy
  20000   20000  838502
  20000   40000 1036306
  20000   40000  875752
  20000   40000  875936
  20000   40000  876090
monica_dirbatch177.npy
  20000   20000  838644
  20000   40000 1036046
  20000   40000  876080
  20000   40000  876010
  20000   40000  876038
monica_dirbatch178.npy
  20000   20000  838620
  20000   40000 1036358
  20000   40000  876028
  20000   40000  875978
  20000   40000  876128
monica_dirbatch179.npy
  20000   20000  838458
  20000   40000 1036226
  20000   40000  876046
  20000   40000  875970
  20000   40000  875978
monica_dirbatch180.npy
  20000   20000  838570
  20000   40000 1036276
  20000   40000  876176
  20000   40000  875974
  20000   40000  875950
monica_dirbatch181.npy
  20000   20000  838564
  20000   40000 1036414
  20000   40000  876076
  20000   40000  876140
  20000   40000  876080
monica_dirbatch182.npy
  20000   20000  838610
  20000   40000 1036166
  20000   40000  876044
  20000   40000  876098
  20000   40000  875970
monica_dirbatch183.npy
  20000   20000  838562
  20000   40000 1036286
  20000   40000  875906
  20000   40000  876072
  20000   40000  876020
monica_dirbatch184.npy
  20000   20000  838526
  20000   40000 1036380
  20000   40000  875992
  20000   40000  876044
  20000   40000  876052
monica_dirbatch185.npy
  20000   20000  838566
  20000   40000 1036382
  20000   40000  876030
  20000   40000  875832
  20000   40000  876042
monica_dirbatch186.npy
  20000   20000  838568
  20000   40000 1036320
  20000   40000  875876
  20000   40000  876174
  20000   40000  875844
monica_dirbatch187.npy
  20000   20000  838606
  20000   40000 1036248
  20000   40000  876024
  20000   40000  876106
  20000   40000  876070
monica_dirbatch188.npy
  20000   20000  838558
  20000   40000 1036414
  20000   40000  876068
  20000   40000  876092
  20000   40000  875914
monica_dirbatch189.npy
  20000   20000  838564
  20000   40000 1036244
  20000   40000  875998
  20000   40000  876210
  20000   40000  875864
monica_dirbatch190.npy
  20000   20000  838612
  20000   40000 1036314
  20000   40000  875966
  20000   40000  875996
  20000   40000  876022
monica_dirbatch191.npy
  20000   20000  838534
  20000   40000 1036426
  20000   40000  876134
  20000   40000  875952
  20000   40000  876064
monica_dirbatch192.npy
  20000   20000  838600
  20000   40000 1036324
  20000   40000  875956
  20000   40000  875950
  20000   40000  876122
monica_dirbatch193.npy
  20000   20000  838496
  20000   40000 1036392
  20000   40000  875808
  20000   40000  876192
  20000   40000  875940
monica_dirbatch194.npy
  20000   20000  838632
  20000   40000 1036236
  20000   40000  875966
  20000   40000  875888
  20000   40000  875952
monica_dirbatch195.npy
  20000   20000  838608
  20000   40000 1036080
  20000   40000  876006
  20000   40000  876194
  20000   40000  876058
monica_dirbatch196.npy
  20000   20000  838484
  20000   40000 1036304
  20000   40000  875954
  20000   40000  875986
  20000   40000  876220
monica_dirbatch197.npy
  20000   20000  838670
  20000   40000 1036268
  20000   40000  875872
  20000   40000  876058
  20000   40000  875958
monica_dirbatch198.npy
  20000   20000  838596
  20000   40000 1036324
  20000   40000  876048
  20000   40000  876034
  20000   40000  876084
monica_dirbatch199.npy
  20000   20000  838580
  20000   40000 1036236
  20000   40000  876142
  20000   40000  876052
  20000   40000  875874
