monica_dirbatch100.npy
  20479   20479  857194
  20479   40958 1064908
  20479   40958  901076
  20479   40958  876296
  20479   40958  901076
monica_dirbatch101.npy
  20510   20510  858540
  20510   41020 1066520
  20510   41020  902440
  20510   41020  877730
  20510   41020  902440
monica_dirbatch102.npy
  20504   20504  858318
  20504   41008 1066208
  20504   41008  902176
  20504   41008  877316
  20504   41008  902176
monica_dirbatch103.npy
  20507   20507  858394
  20507   41014 1066364
  20507   41014  902308
  20507   41014  877502
  20507   41014  902308
monica_dirbatch104.npy
  20729   20729  867762
  20729   41458 1077908
  20729   41458  912076
  20729   41458  887034
  20729   41458  912076
monica_dirbatch105.npy
  20733   20733  867786
  20733   41466 1078116
  20733   41466  912252
  20733   41466  887146
  20733   41466  912252
monica_dirbatch106.npy
  20784   20784  869900
  20784   41568 1080768
  20784   41568  914496
  20784   41568  889382
  20784   41568  914496
monica_dirbatch107.npy
  20671   20671  865350
  20671   41342 1074892
  20671   41342  909524
  20671   41342  884502
  20671   41342  909524
monica_dirbatch108.npy
  20676   20676  865448
  20676   41352 1075152
  20676   41352  909744
  20676   41352  884808
  20676   41352  909744
monica_dirbatch109.npy
  20680   20680  865656
  20680   41360 1075360
  20680   41360  909920
  20680   41360  884892
  20680   41360  909920
monica_dirbatch110.npy
  20681   20681  865696
  20681   41362 1075412
  20681   41362  909964
  20681   41362  884984
  20681   41362  909964
monica_dirbatch111.npy
  20671   20671  865230
  20671   41342 1074892
  20671   41342  909524
  20671   41342  884474
  20671   41342  909524
monica_dirbatch112.npy
  20667   20667  864950
  20667   41334 1074684
  20667   41334  909348
  20667   41334  884338
  20667   41334  909348
monica_dirbatch113.npy
  20684   20684  865788
  20684   41368 1075568
  20684   41368  910096
  20684   41368  885096
  20684   41368  910096
monica_dirbatch114.npy
  20679   20679  865754
  20679   41358 1075308
  20679   41358  909876
  20679   41358  884846
  20679   41358  909876
monica_dirbatch115.npy
  20678   20678  865608
  20678   41356 1075256
  20678   41356  909832
  20678   41356  884816
  20678   41356  909832
monica_dirbatch116.npy
  20679   20679  865638
  20679   41358 1075308
  20679   41358  909876
  20679   41358  884834
  20679   41358  909876
monica_dirbatch117.npy
  20684   20684  865804
  20684   41368 1075568
  20684   41368  910096
  20684   41368  885054
  20684   41368  910096
monica_dirbatch118.npy
  20730   20730  867764
  20730   41460 1077960
  20730   41460  912120
  20730   41460  887076
  20730   41460  912120
monica_dirbatch119.npy
  20731   20731  867758
  20731   41462 1078012
  20731   41462  912164
  20731   41462  887102
  20731   41462  912164
monica_dirbatch120.npy
  20734   20734  867812
  20734   41468 1078168
  20734   41468  912296
  20734   41468  887204
  20734   41468  912296
monica_dirbatch121.npy
  20734   20734  867780
  20734   41468 1078168
  20734   41468  912296
  20734   41468  887196
  20734   41468  912296
monica_dirbatch122.npy
  20577   20577  861454
  20577   41154 1070004
  20577   41154  905388
  20577   41154  880454
  20577   41154  905388
monica_dirbatch123.npy
  20577   20577  861202
  20577   41154 1070004
  20577   41154  905388
  20577   41154  880486
  20577   41154  905388
monica_dirbatch124.npy
  20827   20827  871842
  20827   41654 1083004
  20827   41654  916388
  20827   41654  891216
  20827   41654  916388
monica_dirbatch125.npy
  20828   20828  871860
  20828   41656 1083056
  20828   41656  916432
  20828   41656  891246
  20828   41656  916432
monica_dirbatch126.npy
  20826   20826  871790
  20826   41652 1082952
  20826   41652  916344
  20826   41652  891150
  20826   41652  916344
monica_dirbatch127.npy
  20822   20822  871480
  20822   41644 1082744
  20822   41644  916168
  20822   41644  890974
  20822   41644  916168
monica_dirbatch128.npy
  20827   20827  871838
  20827   41654 1083004
  20827   41654  916388
  20827   41654  891196
  20827   41654  916388
monica_dirbatch129.npy
  20830   20830  871832
  20830   41660 1083160
  20830   41660  916520
  20830   41660  891350
  20830   41660  916520
monica_dirbatch130.npy
  20821   20821  871530
  20821   41642 1082692
  20821   41642  916124
  20821   41642  890946
  20821   41642  916124
monica_dirbatch131.npy
  20822   20822  871572
  20822   41644 1082744
  20822   41644  916168
  20822   41644  890950
  20822   41644  916168
monica_dirbatch132.npy
  20825   20825  871766
  20825   41650 1082900
  20825   41650  916300
  20825   41650  891052
  20825   41650  916300
monica_dirbatch133.npy
  20832   20832  872012
  20832   41664 1083264
  20832   41664  916608
  20832   41664  891424
  20832   41664  916608
monica_dirbatch134.npy
  20830   20830  871904
  20830   41660 1083160
  20830   41660  916520
  20830   41660  891276
  20830   41660  916520
monica_dirbatch135.npy
  20828   20828  871812
  20828   41656 1083056
  20828   41656  916432
  20828   41656  891190
  20828   41656  916432
monica_dirbatch136.npy
  20826   20826  871778
  20826   41652 1082952
  20826   41652  916344
  20826   41652  891182
  20826   41652  916344
monica_dirbatch137.npy
  20829   20829  871814
  20829   41658 1083108
  20829   41658  916476
  20829   41658  891294
  20829   41658  916476
monica_dirbatch138.npy
  20828   20828  871672
  20828   41656 1083056
  20828   41656  916432
  20828   41656  891136
  20828   41656  916432
monica_dirbatch139.npy
  20832   20832  871896
  20832   41664 1083264
  20832   41664  916608
  20832   41664  891424
  20832   41664  916608
monica_dirbatch140.npy
  20833   20833  871998
  20833   41666 1083316
  20833   41666  916652
  20833   41666  891416
  20833   41666  916652
monica_dirbatch141.npy
  20831   20831  871794
  20831   41662 1083212
  20831   41662  916564
  20831   41662  891402
  20831   41662  916564
monica_dirbatch142.npy
  20825   20825  871696
  20825   41650 1082900
  20825   41650  916300
  20825   41650  891092
  20825   41650  916300
monica_dirbatch143.npy
  20829   20829  872062
  20829   41658 1083108
  20829   41658  916476
  20829   41658  891294
  20829   41658  916476
monica_dirbatch144.npy
  20834   20834  872224
  20834   41668 1083368
  20834   41668  916696
  20834   41668  891524
  20834   41668  916696
monica_dirbatch145.npy
  20829   20829  871770
  20829   41658 1083108
  20829   41658  916476
  20829   41658  891310
  20829   41658  916476
monica_dirbatch146.npy
  20834   20834  872188
  20834   41668 1083368
  20834   41668  916696
  20834   41668  891472
  20834   41668  916696
monica_dirbatch147.npy
  20825   20825  871782
  20825   41650 1082900
  20825   41650  916300
  20825   41650  891086
  20825   41650  916300
monica_dirbatch148.npy
  20723   20723  867382
  20723   41446 1077596
  20723   41446  911812
  20723   41446  886764
  20723   41446  911812
monica_dirbatch149.npy
  20722   20722  867420
  20722   41444 1077544
  20722   41444  911768
  20722   41444  886784
  20722   41444  911768
monica_dirbatch150.npy
  20722   20722  867380
  20722   41444 1077544
  20722   41444  911768
  20722   41444  886664
  20722   41444  911768
monica_dirbatch151.npy
  20724   20724  867376
  20724   41448 1077648
  20724   41448  911856
  20724   41448  886862
  20724   41448  911856
monica_dirbatch152.npy
  20723   20723  867402
  20723   41446 1077596
  20723   41446  911812
  20723   41446  886750
  20723   41446  911812
monica_dirbatch153.npy
  20727   20727  867562
  20727   41454 1077804
  20727   41454  911988
  20727   41454  886906
  20727   41454  911988
monica_dirbatch154.npy
  20723   20723  867362
  20723   41446 1077596
  20723   41446  911812
  20723   41446  886746
  20723   41446  911812
monica_dirbatch155.npy
  20780   20780  869932
  20780   41560 1080560
  20780   41560  914320
  20780   41560  889148
  20780   41560  914320
monica_dirbatch156.npy
  20726   20726  867640
  20726   41452 1077752
  20726   41452  911944
  20726   41452  886848
  20726   41452  911944
monica_dirbatch157.npy
  20724   20724  867476
  20724   41448 1077648
  20724   41448  911856
  20724   41448  886872
  20724   41448  911856
monica_dirbatch158.npy
  20727   20727  867534
  20727   41454 1077804
  20727   41454  911988
  20727   41454  886896
  20727   41454  911988
monica_dirbatch159.npy
  20713   20713  866866
  20713   41426 1077076
  20713   41426  911372
  20713   41426  886328
  20713   41426  911372
monica_dirbatch160.npy
  20702   20702  866528
  20702   41404 1076504
  20702   41404  910888
  20702   41404  885882
  20702   41404  910888
monica_dirbatch161.npy
  20718   20718  867180
  20718   41436 1077336
  20718   41436  911592
  20718   41436  886500
  20718   41436  911592
monica_dirbatch162.npy
  20716   20716  867124
  20716   41432 1077232
  20716   41432  911504
  20716   41432  886476
  20716   41432  911504
monica_dirbatch163.npy
  20715   20715  867106
  20715   41430 1077180
  20715   41430  911460
  20715   41430  886416
  20715   41430  911460
monica_dirbatch164.npy
  20724   20724  867530
  20724   41448 1077648
  20724   41448  911856
  20724   41448  886746
  20724   41448  911856
monica_dirbatch165.npy
  20719   20719  867322
  20719   41438 1077388
  20719   41438  911636
  20719   41438  886584
  20719   41438  911636
monica_dirbatch166.npy
  20710   20710  866912
  20710   41420 1076920
  20710   41420  911240
  20710   41420  886212
  20710   41420  911240
monica_dirbatch167.npy
  20714   20714  867064
  20714   41428 1077128
  20714   41428  911416
  20714   41428  886404
  20714   41428  911416
monica_dirbatch168.npy
  20714   20714  867052
  20714   41428 1077128
  20714   41428  911416
  20714   41428  886392
  20714   41428  911416
monica_dirbatch169.npy
  20713   20713  866890
  20713   41426 1077076
  20713   41426  911372
  20713   41426  886294
  20713   41426  911372
monica_dirbatch170.npy
  20716   20716  867060
  20716   41432 1077232
  20716   41432  911504
  20716   41432  886492
  20716   41432  911504
monica_dirbatch171.npy
  20713   20713  867042
  20713   41426 1077076
  20713   41426  911372
  20713   41426  886356
  20713   41426  911372
monica_dirbatch172.npy
  20717   20717  867198
  20717   41434 1077284
  20717   41434  911548
  20717   41434  886478
  20717   41434  911548
monica_dirbatch173.npy
  20716   20716  867316
  20716   41432 1077232
  20716   41432  911504
  20716   41432  886380
  20716   41432  911504
monica_dirbatch174.npy
  20721   20721  867218
  20721   41442 1077492
  20721   41442  911724
  20721   41442  886682
  20721   41442  911724
monica_dirbatch175.npy
  20722   20722  867320
  20722   41444 1077544
  20722   41444  911768
  20722   41444  886670
  20722   41444  911768
monica_dirbatch176.npy
  20720   20720  867264
  20720   41440 1077440
  20720   41440  911680
  20720   41440  886616
  20720   41440  911680
monica_dirbatch177.npy
  20723   20723  867570
  20723   41446 1077596
  20723   41446  911812
  20723   41446  886768
  20723   41446  911812
monica_dirbatch178.npy
  20728   20728  867696
  20728   41456 1077856
  20728   41456  912032
  20728   41456  886980
  20728   41456  912032
monica_dirbatch179.npy
  20715   20715  867150
  20715   41430 1077180
  20715   41430  911460
  20715   41430  886402
  20715   41430  911460
monica_dirbatch180.npy
  20723   20723  867330
  20723   41446 1077596
  20723   41446  911812
  20723   41446  886706
  20723   41446  911812
monica_dirbatch181.npy
  20721   20721  867354
  20721   41442 1077492
  20721   41442  911724
  20721   41442  886666
  20721   41442  911724
monica_dirbatch182.npy
  20718   20718  867192
  20718   41436 1077336
  20718   41436  911592
  20718   41436  886512
  20718   41436  911592
monica_dirbatch183.npy
  20715   20715  867098
  20715   41430 1077180
  20715   41430  911460
  20715   41430  886384
  20715   41430  911460
monica_dirbatch184.npy
  20709   20709  866986
  20709   41418 1076868
  20709   41418  911196
  20709   41418  886186
  20709   41418  911196
monica_dirbatch185.npy
  20723   20723  867544
  20723   41446 1077596
  20723   41446  911812
  20723   41446  886672
  20723   41446  911812
monica_dirbatch186.npy
  20723   20723  867410
  20723   41446 1077596
  20723   41446  911812
  20723   41446  886732
  20723   41446  911812
monica_dirbatch187.npy
  20724   20724  867444
  20724   41448 1077648
  20724   41448  911856
  20724   41448  886804
  20724   41448  911856
monica_dirbatch188.npy
  20730   20730  867840
  20730   41460 1077960
  20730   41460  912120
  20730   41460  887062
  20730   41460  912120
monica_dirbatch189.npy
  20724   20724  867396
  20724   41448 1077648
  20724   41448  911856
  20724   41448  886804
  20724   41448  911856
monica_dirbatch190.npy
  20729   20729  867678
  20729   41458 1077908
  20729   41458  912076
  20729   41458  886954
  20729   41458  912076
monica_dirbatch191.npy
  20717   20717  867070
  20717   41434 1077284
  20717   41434  911548
  20717   41434  886454
  20717   41434  911548
monica_dirbatch192.npy
  20728   20728  867606
  20728   41456 1077856
  20728   41456  912032
  20728   41456  886926
  20728   41456  912032
monica_dirbatch193.npy
  20728   20728  867508
  20728   41456 1077856
  20728   41456  912032
  20728   41456  886996
  20728   41456  912032
monica_dirbatch194.npy
  20730   20730  867644
  20730   41460 1077960
  20730   41460  912120
  20730   41460  887044
  20730   41460  912120
monica_dirbatch195.npy
  20775   20775  869686
  20775   41550 1080300
  20775   41550  914100
  20775   41550  888974
  20775   41550  914100
monica_dirbatch196.npy
  20513   20513  858550
  20513   41026 1066676
  20513   41026  902572
  20513   41026  877710
  20513   41026  902572
monica_dirbatch197.npy
  20502   20502  858120
  20502   41004 1066104
  20502   41004  902088
  20502   41004  877274
  20502   41004  902088
monica_dirbatch198.npy
  20503   20503  858254
  20503   41006 1066156
  20503   41006  902132
  20503   41006  877272
  20503   41006  902132
monica_dirbatch199.npy
  20501   20501  858106
  20501   41002 1066052
  20501   41002  902044
  20501   41002  877256
  20501   41002  902044
