monica_dirbatch100.npy
  22302   22320  936131
  22409   44813 1161825
  22461   44918  984444
  22360   44709  979193
  22174   44327  970683
monica_dirbatch101.npy
  21173   21173  889266
  21173   42346 1097834
  21174   42348  927956
  21173   42346  927566
  21173   42346  927232
monica_dirbatch102.npy
  21839   21839  917238
  21839   43678 1132608
  21839   43678  957276
  21839   43678  956520
  21839   43678  956296
monica_dirbatch103.npy
  21835   21835  917070
  21835   43670 1132236
  21835   43670  956960
  21835   43670  956384
  21835   43670  956280
monica_dirbatch104.npy
  21834   21834  917028
  21834   43668 1132028
  21834   43668  956896
  21834   43668  956212
  21834   43668  956216
monica_dirbatch105.npy
  21847   21847  917574
  21847   43694 1133048
  21847   43694  957648
  21847   43694  956958
  21847   43694  956748
monica_dirbatch106.npy
  21820   21820  916440
  21821   43642 1131244
  21821   43642  956404
  21821   43642  955810
  21821   43642  955444
monica_dirbatch107.npy
  21823   21823  916566
  21823   43646 1131472
  21824   43648  956516
  21824   43648  956080
  21824   43648  955656
monica_dirbatch108.npy
  21846   21846  917532
  21846   43692 1132516
  21846   43692  957404
  21846   43692  956878
  21846   43692  956914
monica_dirbatch109.npy
  21851   21851  917742
  21851   43702 1133176
  21851   43702  957764
  21851   43702  957166
  21851   43702  956924
monica_dirbatch110.npy
  21846   21846  917532
  21847   43694 1133036
  21847   43694  957468
  21847   43694  956768
  21847   43694  956708
monica_dirbatch111.npy
  21846   21846  917532
  21846   43692 1132870
  21847   43694  957528
  21847   43694  957032
  21847   43694  956636
monica_dirbatch112.npy
  21854   21854  917868
  21854   43708 1133426
  21854   43708  958116
  21854   43708  957384
  21854   43708  956776
monica_dirbatch113.npy
  21852   21852  917784
  21852   43704 1133014
  21852   43704  957908
  21852   43704  957076
  21852   43704  956928
monica_dirbatch114.npy
  21851   21851  917742
  21851   43702 1133032
  21851   43702  957704
  21851   43702  957040
  21851   43702  956904
monica_dirbatch115.npy
  21848   21848  917616
  21848   43696 1132792
  21848   43696  957372
  21848   43696  957070
  21848   43696  956772
monica_dirbatch116.npy
  21861   21861  918162
  21861   43722 1133762
  21861   43722  958224
  21861   43722  957452
  21861   43722  957344
monica_dirbatch117.npy
  21850   21850  917700
  21850   43700 1132936
  21850   43700  957800
  21850   43700  957026
  21850   43700  957000
monica_dirbatch118.npy
  21827   21827  916734
  21827   43654 1131848
  21828   43656  956712
  21828   43656  956042
  21828   43656  955892
monica_dirbatch119.npy
  21863   21863  918246
  21863   43726 1133710
  21863   43726  958032
  21863   43726  957674
  21863   43726  957592
monica_dirbatch120.npy
  21844   21844  917448
  21844   43688 1132624
  21844   43688  957316
  21844   43688  956906
  21844   43688  956536
monica_dirbatch121.npy
  21854   21854  917868
  21854   43708 1133358
  21854   43708  957956
  21854   43708  957140
  21854   43708  957116
monica_dirbatch122.npy
  20000   20000  840000
  20000   40000 1037018
  20000   40000  876500
  20000   40000  876018
  20000   40000  875880
monica_dirbatch123.npy
  20000   20000  840000
  20000   40000 1036900
  20000   40000  876620
  20000   40000  876086
  20000   40000  875800
monica_dirbatch124.npy
  21863   21863  918246
  21863   43726 1133788
  21864   43728  958336
  21864   43728  957718
  21864   43728  957316
monica_dirbatch125.npy
  21851   21851  917742
  21851   43702 1133104
  21851   43702  957684
  21851   43702  956946
  21851   43702  957002
monica_dirbatch126.npy
  21598   21598  907116
  21599   43198 1119910
  21599   43198  946756
  21599   43198  945920
  21599   43198  945718
monica_dirbatch127.npy
  21619   21619  907998
  21619   43238 1121126
  21619   43238  947356
  21619   43238  947022
  21619   43238  947176
monica_dirbatch128.npy
  21622   21622  908124
  21622   43244 1121110
  21622   43244  947588
  21622   43244  947142
  21622   43244  946928
monica_dirbatch129.npy
  21622   21622  908124
  21623   43246 1121122
  21623   43246  947812
  21623   43246  946870
  21623   43246  947052
monica_dirbatch130.npy
  21624   21624  908208
  21624   43248 1121108
  21625   43250  947672
  21624   43248  947080
  21624   43248  947016
monica_dirbatch131.npy
  21623   21623  908166
  21623   43246 1121428
  21623   43246  947592
  21623   43246  946990
  21623   43246  946712
monica_dirbatch132.npy
  21625   21625  908250
  21625   43250 1121172
  21626   43252  948022
  21626   43252  947302
  21626   43252  947084
monica_dirbatch133.npy
  21754   21754  913668
  21754   43508 1128000
  21755   43510  953760
  21755   43510  952838
  21755   43510  952640
monica_dirbatch134.npy
  21628   21628  908376
  21628   43256 1121684
  21628   43256  947952
  21628   43256  947492
  21628   43256  946972
monica_dirbatch135.npy
  21636   21636  908712
  21636   43272 1121764
  21636   43272  948384
  21636   43272  947674
  21636   43272  947744
monica_dirbatch136.npy
  21618   21618  907956
  21619   43238 1121072
  21619   43238  947536
  21619   43238  946872
  21619   43238  946896
monica_dirbatch137.npy
  21607   21607  907494
  21607   43214 1120618
  21607   43214  946968
  21607   43214  946436
  21607   43214  946028
monica_dirbatch138.npy
  21579   21579  906318
  21580   43160 1118680
  21580   43160  945900
  21580   43160  945216
  21580   43160  945180
monica_dirbatch139.npy
  21620   21620  908040
  21620   43240 1121046
  21621   43242  947564
  21620   43240  946832
  21620   43240  946740
monica_dirbatch140.npy
  21617   21617  907914
  21617   43234 1120812
  21617   43234  947528
  21617   43234  946536
  21617   43234  946748
monica_dirbatch141.npy
  21613   21613  907746
  21614   43228 1120824
  21614   43228  947376
  21614   43228  946824
  21614   43228  946416
monica_dirbatch142.npy
  21617   21617  907914
  21617   43234 1121024
  21618   43236  947232
  21618   43236  946720
  21618   43236  946792
monica_dirbatch143.npy
  21627   21627  908334
  21627   43254 1121508
  21627   43254  948128
  21627   43254  947376
  21627   43254  947128
monica_dirbatch144.npy
  21602   21602  907284
  21602   43204 1120082
  21602   43204  946748
  21602   43204  946186
  21602   43204  946068
monica_dirbatch145.npy
  21624   21624  908208
  21624   43248 1121224
  21624   43248  947756
  21624   43248  947234
  21624   43248  947054
monica_dirbatch146.npy
  21615   21615  907830
  21615   43230 1120796
  21616   43232  947504
  21616   43232  946640
  21616   43232  946524
monica_dirbatch147.npy
  21621   21621  908082
  21621   43242 1121226
  21621   43242  947662
  21621   43242  947128
  21621   43242  946964
monica_dirbatch148.npy
  21631   21631  908502
  21631   43262 1121672
  21632   43264  948148
  21632   43264  947306
  21632   43264  947244
monica_dirbatch149.npy
  21628   21628  908376
  21629   43258 1121214
  21629   43258  947916
  21629   43258  947278
  21629   43258  947096
monica_dirbatch150.npy
  21631   21631  908502
  21631   43262 1121708
  21631   43262  948304
  21631   43262  947366
  21631   43262  947084
monica_dirbatch151.npy
  21640   21640  908880
  21640   43280 1122174
  21640   43280  948200
  21640   43280  947938
  21640   43280  947920
monica_dirbatch152.npy
  21658   21658  909636
  21658   43316 1123200
  21659   43318  949078
  21659   43318  948398
  21659   43318  948596
monica_dirbatch153.npy
  21650   21650  909300
  21650   43300 1122534
  21650   43300  948940
  21650   43300  948332
  21650   43300  948220
monica_dirbatch154.npy
  21660   21660  909720
  21661   43322 1123058
  21661   43322  949444
  21661   43322  948826
  21661   43322  948264
monica_dirbatch155.npy
  21668   21668  910056
  21668   43336 1123710
  21669   43338  949896
  21669   43338  949200
  21668   43336  948852
monica_dirbatch156.npy
  21675   21675  910350
  21675   43350 1124094
  21675   43350  950060
  21675   43350  949332
  21675   43350  949140
monica_dirbatch157.npy
  21661   21661  909762
  21662   43324 1123104
  21662   43324  949228
  21662   43324  948822
  21662   43324  948728
monica_dirbatch158.npy
  21660   21660  909720
  21660   43320 1123142
  21661   43322  949344
  21661   43322  948812
  21661   43322  948644
monica_dirbatch159.npy
  21671   21671  910182
  21671   43342 1123762
  21672   43344  949888
  21672   43344  949034
  21672   43344  948948
monica_dirbatch160.npy
  21665   21665  909930
  21665   43330 1123284
  21665   43330  949560
  21665   43330  948850
  21665   43330  949020
monica_dirbatch161.npy
  21653   21653  909426
  21653   43306 1122814
  21653   43306  949066
  21653   43306  948354
  21653   43306  948186
monica_dirbatch162.npy
  21635   21635  908670
  21635   43270 1121724
  21635   43270  948400
  21635   43270  947536
  21635   43270  947316
monica_dirbatch163.npy
  21656   21656  909552
  21656   43312 1123126
  21656   43312  949204
  21656   43312  948506
  21656   43312  948344
monica_dirbatch164.npy
  21677   21677  910434
  21677   43354 1123918
  21677   43354  950068
  21677   43354  949378
  21677   43354  949134
monica_dirbatch165.npy
  21662   21662  909804
  21662   43324 1123130
  21663   43326  949728
  21663   43326  948786
  21663   43326  948452
monica_dirbatch166.npy
  21681   21681  910602
  21681   43362 1124054
  21681   43362  950204
  21681   43362  949584
  21681   43362  949484
monica_dirbatch167.npy
  21680   21680  910560
  21681   43362 1124398
  21681   43362  950224
  21681   43362  949656
  21681   43362  949544
monica_dirbatch168.npy
  21683   21683  910686
  21684   43368 1124316
  21684   43368  950490
  21684   43368  949794
  21684   43368  949736
monica_dirbatch169.npy
  21676   21676  910392
  21676   43352 1123956
  21676   43352  950164
  21676   43352  949342
  21676   43352  949124
monica_dirbatch170.npy
  21675   21675  910350
  21675   43350 1123978
  21675   43350  949960
  21675   43350  949262
  21675   43350  949340
monica_dirbatch171.npy
  21680   21680  910560
  21680   43360 1124232
  21681   43362  950204
  21681   43362  949578
  21681   43362  949484
monica_dirbatch172.npy
  21695   21695  911190
  21696   43392 1125020
  21696   43392  950764
  21696   43392  950334
  21696   43392  950324
monica_dirbatch173.npy
  21804   21804  915768
  21805   43610 1130660
  21805   43610  955718
  21805   43610  955118
  21805   43610  954872
monica_dirbatch174.npy
  21652   21652  909384
  21652   43304 1122566
  21652   43304  948928
  21652   43304  948160
  21652   43304  948248
monica_dirbatch175.npy
  21653   21653  909426
  21654   43308 1122700
  21654   43308  949216
  21654   43308  948504
  21654   43308  948156
monica_dirbatch176.npy
  21663   21663  909846
  21663   43326 1123322
  21663   43326  949612
  21663   43326  948768
  21663   43326  948532
monica_dirbatch177.npy
  21648   21648  909216
  21649   43298 1122764
  21649   43298  948896
  21649   43298  947998
  21649   43298  948256
monica_dirbatch178.npy
  21686   21686  910812
  21686   43372 1124558
  21687   43374  950406
  21687   43374  949718
  21687   43374  949848
monica_dirbatch179.npy
  21688   21688  910896
  21688   43376 1124644
  21688   43376  950592
  21688   43376  949894
  21688   43376  949730
monica_dirbatch180.npy
  21820   21820  916440
  21820   43640 1131262
  21820   43640  956400
  21821   43642  955770
  21821   43642  955542
monica_dirbatch181.npy
  21656   21656  909552
  21656   43312 1122934
  21656   43312  949164
  21656   43312  948520
  21656   43312  948364
monica_dirbatch182.npy
  21678   21678  910476
  21678   43356 1123802
  21679   43358  950216
  21679   43358  949510
  21679   43358  949356
monica_dirbatch183.npy
  21681   21681  910602
  21682   43364 1124424
  21682   43364  950248
  21682   43364  949710
  21682   43364  949646
monica_dirbatch184.npy
  21679   21679  910518
  21680   43360 1124220
  21680   43360  950160
  21680   43360  949616
  21680   43360  949520
monica_dirbatch185.npy
  21670   21670  910140
  21671   43342 1123702
  21671   43342  949844
  21671   43342  949048
  21671   43342  948964
monica_dirbatch186.npy
  21638   21638  908796
  21638   43276 1122010
  21638   43276  948432
  21638   43276  947548
  21638   43276  947572
monica_dirbatch187.npy
  21663   21663  909846
  21664   43328 1123396
  21664   43328  949494
  21664   43328  948698
  21664   43328  948654
monica_dirbatch188.npy
  21666   21666  909972
  21666   43332 1123546
  21666   43332  949724
  21666   43332  949084
  21666   43332  948764
monica_dirbatch189.npy
  21662   21662  909804
  21662   43324 1123264
  21662   43324  949346
  21662   43324  948938
  21662   43324  948668
monica_dirbatch190.npy
  21662   21662  909804
  21663   43326 1123376
  21663   43326  949592
  21663   43326  948532
  21663   43326  948772
monica_dirbatch191.npy
  21669   21669  910098
  21669   43338 1123412
  21669   43338  949876
  21669   43338  949112
  21669   43338  948536
monica_dirbatch192.npy
  21668   21668  910056
  21669   43338 1123686
  21669   43338  949616
  21669   43338  949152
  21669   43338  949076
monica_dirbatch193.npy
  21671   21671  910182
  21671   43342 1123598
  21671   43342  949824
  21671   43342  949082
  21671   43342  949084
monica_dirbatch194.npy
  21664   21664  909888
  21664   43328 1123262
  21664   43328  949534
  21664   43328  948920
  21664   43328  948776
monica_dirbatch195.npy
  21665   21665  909930
  21665   43330 1123556
  21665   43330  949660
  21665   43330  948928
  21665   43330  948820
monica_dirbatch196.npy
  21673   21673  910266
  21673   43346 1123930
  21673   43346  950012
  21673   43346  949276
  21673   43346  948972
monica_dirbatch197.npy
  21663   21663  909846
  21664   43328 1123270
  21664   43328  949570
  21664   43328  949078
  21664   43328  948436
monica_dirbatch198.npy
  21628   21628  908376
  21628   43256 1121594
  21628   43256  948212
  21628   43256  947312
  21628   43256  947168
monica_dirbatch199.npy
  21251   21251  892542
  21252   42504 1102106
  21252   42504  931364
  21252   42504  930848
  21252   42504  930848
