monica_dirbatch100.npy
  20000   20000  837032
  20000   40000 1035834
  20000   40000  876076
  20000   40000  876054
  20000   40000  876064
monica_dirbatch101.npy
  20000   20000  837326
  20000   40000 1035518
  20000   40000  876122
  20000   40000  875948
  20000   40000  875874
monica_dirbatch102.npy
  20000   20000  837074
  20000   40000 1035670
  20000   40000  875872
  20000   40000  876024
  20000   40000  876028
monica_dirbatch103.npy
  20000   20000  837234
  20000   40000 1035722
  20000   40000  876060
  20000   40000  875998
  20000   40000  875928
monica_dirbatch104.npy
  20000   20000  837174
  20000   40000 1036044
  20000   40000  875990
  20000   40000  876204
  20000   40000  875988
monica_dirbatch105.npy
  20000   20000  837184
  20000   40000 1035798
  20000   40000  875942
  20000   40000  875940
  20000   40000  876124
monica_dirbatch106.npy
  20000   20000  837118
  20000   40000 1035520
  20000   40000  875986
  20000   40000  875946
  20000   40000  875900
monica_dirbatch107.npy
  20000   20000  837160
  20000   40000 1035578
  20000   40000  876166
  20000   40000  875900
  20000   40000  876084
monica_dirbatch108.npy
  20000   20000  837248
  20000   40000 1036028
  20000   40000  876034
  20000   40000  876018
  20000   40000  875942
monica_dirbatch109.npy
  20000   20000  837052
  20000   40000 1035812
  20000   40000  876010
  20000   40000  875968
  20000   40000  875884
monica_dirbatch110.npy
  20000   20000  837314
  20000   40000 1035692
  20000   40000  875926
  20000   40000  876124
  20000   40000  876058
monica_dirbatch111.npy
  20000   20000  837126
  20000   40000 1035976
  20000   40000  876114
  20000   40000  876136
  20000   40000  876048
monica_dirbatch112.npy
  20000   20000  837256
  20000   40000 1035808
  20000   40000  876086
  20000   40000  876216
  20000   40000  875990
monica_dirbatch113.npy
  20000   20000  837232
  20000   40000 1035782
  20000   40000  876236
  20000   40000  876106
  20000   40000  875942
monica_dirbatch114.npy
  20000   20000  837256
  20000   40000 1035924
  20000   40000  876064
  20000   40000  876124
  20000   40000  875876
monica_dirbatch115.npy
  20000   20000  837220
  20000   40000 1035878
  20000   40000  876210
  20000   40000  875978
  20000   40000  875956
monica_dirbatch116.npy
  20000   20000  837134
  20000   40000 1035794
  20000   40000  875958
  20000   40000  876134
  20000   40000  876154
monica_dirbatch117.npy
  20000   20000  837162
  20000   40000 1035816
  20000   40000  875926
  20000   40000  876064
  20000   40000  875936
monica_dirbatch118.npy
  20000   20000  837284
  20000   40000 1035662
  20000   40000  875980
  20000   40000  875864
  20000   40000  875996
monica_dirbatch119.npy
  20000   20000  837066
  20000   40000 1035946
  20000   40000  876020
  20000   40000  875948
  20000   40000  875942
monica_dirbatch120.npy
  20000   20000  837264
  20000   40000 1035900
  20000   40000  875842
  20000   40000  875950
  20000   40000  875852
monica_dirbatch121.npy
  20000   20000  837232
  20000   40000 1035934
  20000   40000  876114
  20000   40000  875936
  20000   40000  875920
monica_dirbatch122.npy
  20000   20000  837152
  20000   40000 1035756
  20000   40000  876144
  20000   40000  875928
  20000   40000  876110
monica_dirbatch123.npy
  20000   20000  837332
  20000   40000 1035464
  20000   40000  876016
  20000   40000  875954
  20000   40000  876022
monica_dirbatch124.npy
  20000   20000  837152
  20000   40000 1035862
  20000   40000  876084
  20000   40000  876072
  20000   40000  875914
monica_dirbatch125.npy
  20000   20000  837196
  20000   40000 1035694
  20000   40000  876174
  20000   40000  876046
  20000   40000  875900
monica_dirbatch126.npy
  20000   20000  837160
  20000   40000 1036058
  20000   40000  876016
  20000   40000  876074
  20000   40000  875976
monica_dirbatch127.npy
  20000   20000  837268
  20000   40000 1035840
  20000   40000  875870
  20000   40000  875920
  20000   40000  875992
monica_dirbatch128.npy
  20000   20000  837222
  20000   40000 1035784
  20000   40000  875966
  20000   40000  876218
  20000   40000  875998
monica_dirbatch129.npy
  20000   20000  837194
  20000   40000 1035802
  20000   40000  875976
  20000   40000  876132
  20000   40000  875938
monica_dirbatch130.npy
  20000   20000  837116
  20000   40000 1035982
  20000   40000  876062
  20000   40000  875938
  20000   40000  876072
monica_dirbatch131.npy
  20000   20000  836996
  20000   40000 1035632
  20000   40000  876054
  20000   40000  876036
  20000   40000  876010
monica_dirbatch132.npy
  20000   20000  837090
  20000   40000 1035718
  20000   40000  875930
  20000   40000  876018
  20000   40000  876018
monica_dirbatch133.npy
  20000   20000  837272
  20000   40000 1035440
  20000   40000  875982
  20000   40000  876010
  20000   40000  876064
monica_dirbatch134.npy
  20000   20000  837050
  20000   40000 1035836
  20000   40000  876030
  20000   40000  876040
  20000   40000  875830
monica_dirbatch135.npy
  20000   20000  837182
  20000   40000 1035688
  20000   40000  876074
  20000   40000  876078
  20000   40000  875980
monica_dirbatch136.npy
  20000   20000  837324
  20000   40000 1035594
  20000   40000  876050
  20000   40000  876094
  20000   40000  875890
monica_dirbatch137.npy
  20000   20000  837294
  20000   40000 1035764
  20000   40000  876084
  20000   40000  875848
  20000   40000  875882
monica_dirbatch138.npy
  20000   20000  837148
  20000   40000 1035744
  20000   40000  875996
  20000   40000  875900
  20000   40000  876102
monica_dirbatch139.npy
  20000   20000  837032
  20000   40000 1035612
  20000   40000  876162
  20000   40000  875990
  20000   40000  876066
monica_dirbatch140.npy
  20000   20000  837160
  20000   40000 1035896
  20000   40000  876096
  20000   40000  876112
  20000   40000  875946
monica_dirbatch141.npy
  20000   20000  837324
  20000   40000 1035962
  20000   40000  876230
  20000   40000  875996
  20000   40000  876038
monica_dirbatch142.npy
  20000   20000  837338
  20000   40000 1035842
  20000   40000  876024
  20000   40000  876018
  20000   40000  876142
monica_dirbatch143.npy
  20000   20000  837204
  20000   40000 1035740
  20000   40000  875948
  20000   40000  875874
  20000   40000  876098
monica_dirbatch144.npy
  20000   20000  837110
  20000   40000 1035900
  20000   40000  876044
  20000   40000  876064
  20000   40000  876042
monica_dirbatch145.npy
  20000   20000  837110
  20000   40000 1035926
  20000   40000  876122
  20000   40000  876024
  20000   40000  875874
monica_dirbatch146.npy
  20000   20000  837360
  20000   40000 1035576
  20000   40000  876074
  20000   40000  876068
  20000   40000  875996
monica_dirbatch147.npy
  20000   20000  837026
  20000   40000 1035852
  20000   40000  875896
  20000   40000  876106
  20000   40000  875998
monica_dirbatch148.npy
  20000   20000  837242
  20000   40000 1035600
  20000   40000  876010
  20000   40000  875924
  20000   40000  875998
monica_dirbatch149.npy
  20000   20000  837022
  20000   40000 1035576
  20000   40000  875912
  20000   40000  875856
  20000   40000  876104
monica_dirbatch150.npy
  20000   20000  837256
  20000   40000 1036104
  20000   40000  876010
  20000   40000  876004
  20000   40000  876172
monica_dirbatch151.npy
  20000   20000  837106
  20000   40000 1035712
  20000   40000  875970
  20000   40000  875920
  20000   40000  876098
monica_dirbatch152.npy
  20000   20000  837196
  20000   40000 1035810
  20000   40000  875806
  20000   40000  876006
  20000   40000  876046
monica_dirbatch153.npy
  20000   20000  837200
  20000   40000 1035658
  20000   40000  876142
  20000   40000  875930
  20000   40000  875956
monica_dirbatch154.npy
  20000   20000  837104
  20000   40000 1035892
  20000   40000  876084
  20000   40000  875922
  20000   40000  876062
monica_dirbatch155.npy
  20000   20000  837208
  20000   40000 1036010
  20000   40000  876088
  20000   40000  876062
  20000   40000  875936
monica_dirbatch156.npy
  20000   20000  837266
  20000   40000 1036078
  20000   40000  875900
  20000   40000  876018
  20000   40000  876022
monica_dirbatch157.npy
  20000   20000  837152
  20000   40000 1036040
  20000   40000  876024
  20000   40000  875926
  20000   40000  876064
monica_dirbatch158.npy
  20000   20000  837292
  20000   40000 1035710
  20000   40000  876032
  20000   40000  876036
  20000   40000  876242
monica_dirbatch159.npy
  20000   20000  837432
  20000   40000 1035660
  20000   40000  876144
  20000   40000  876168
  20000   40000  875962
monica_dirbatch160.npy
  20000   20000  837230
  20000   40000 1035700
  20000   40000  876118
  20000   40000  875918
  20000   40000  875988
monica_dirbatch161.npy
  20000   20000  837132
  20000   40000 1035952
  20000   40000  876058
  20000   40000  876100
  20000   40000  876182
monica_dirbatch162.npy
  20000   20000  837264
  20000   40000 1035636
  20000   40000  875924
  20000   40000  875976
  20000   40000  875874
monica_dirbatch163.npy
  20000   20000  837212
  20000   40000 1035618
  20000   40000  875934
  20000   40000  876130
  20000   40000  876070
monica_dirbatch164.npy
  20000   20000  837216
  20000   40000 1035368
  20000   40000  876044
  20000   40000  876042
  20000   40000  876062
monica_dirbatch165.npy
  20000   20000  837200
  20000   40000 1035822
  20000   40000  875924
  20000   40000  875926
  20000   40000  875936
monica_dirbatch166.npy
  20000   20000  837314
  20000   40000 1035790
  20000   40000  876138
  20000   40000  875874
  20000   40000  876120
monica_dirbatch167.npy
  20000   20000  836954
  20000   40000 1035878
  20000   40000  876076
  20000   40000  876016
  20000   40000  875882
monica_dirbatch168.npy
  20000   20000  837246
  20000   40000 1035978
  20000   40000  876072
  20000   40000  875994
  20000   40000  876084
monica_dirbatch169.npy
  20000   20000  837308
  20000   40000 1035738
  20000   40000  876124
  20000   40000  876070
  20000   40000  875896
monica_dirbatch170.npy
  20000   20000  837294
  20000   40000 1035594
  20000   40000  876010
  20000   40000  876102
  20000   40000  876078
monica_dirbatch171.npy
  20000   20000  837162
  20000   40000 1035642
  20000   40000  875958
  20000   40000  875962
  20000   40000  875996
monica_dirbatch172.npy
  20000   20000  837500
  20000   40000 1035642
  20000   40000  875994
  20000   40000  875902
  20000   40000  876054
monica_dirbatch173.npy
  20000   20000  837030
  20000   40000 1035880
  20000   40000  875892
  20000   40000  876028
  20000   40000  875966
monica_dirbatch174.npy
  20000   20000  837112
  20000   40000 1036070
  20000   40000  876132
  20000   40000  875940
  20000   40000  875974
monica_dirbatch175.npy
  20000   20000  837286
  20000   40000 1035688
  20000   40000  875918
  20000   40000  875900
  20000   40000  875996
monica_dirbatch176.npy
  20000   20000  837036
  20000   40000 1035864
  20000   40000  876062
  20000   40000  876012
  20000   40000  875956
monica_dirbatch177.npy
  20000   20000  837082
  20000   40000 1036064
  20000   40000  876066
  20000   40000  875914
  20000   40000  875942
monica_dirbatch178.npy
  20000   20000  837136
  20000   40000 1035922
  20000   40000  876040
  20000   40000  875960
  20000   40000  876074
monica_dirbatch179.npy
  20000   20000  837108
  20000   40000 1035618
  20000   40000  876028
  20000   40000  876226
  20000   40000  876170
monica_dirbatch180.npy
  20000   20000  837240
  20000   40000 1035782
  20000   40000  876108
  20000   40000  875938
  20000   40000  876016
monica_dirbatch181.npy
  20000   20000  837142
  20000   40000 1035752
  20000   40000  875930
  20000   40000  876082
  20000   40000  875946
monica_dirbatch182.npy
  20000   20000  837208
  20000   40000 1035812
  20000   40000  876112
  20000   40000  876078
  20000   40000  876226
monica_dirbatch183.npy
  20000   20000  837182
  20000   40000 1035628
  20000   40000  876184
  20000   40000  876030
  20000   40000  875938
monica_dirbatch184.npy
  20000   20000  837264
  20000   40000 1035772
  20000   40000  876052
  20000   40000  876048
  20000   40000  876028
monica_dirbatch185.npy
  20000   20000  837420
  20000   40000 1035866
  20000   40000  876020
  20000   40000  876182
  20000   40000  876062
monica_dirbatch186.npy
  20000   20000  837242
  20000   40000 1035658
  20000   40000  876172
  20000   40000  876110
  20000   40000  876052
monica_dirbatch187.npy
  20000   20000  837302
  20000   40000 1035976
  20000   40000  876174
  20000   40000  876014
  20000   40000  876026
monica_dirbatch188.npy
  20000   20000  837268
  20000   40000 1035932
  20000   40000  876072
  20000   40000  875924
  20000   40000  876106
monica_dirbatch189.npy
  20000   20000  837130
  20000   40000 1035740
  20000   40000  876126
  20000   40000  875902
  20000   40000  876034
monica_dirbatch190.npy
  20000   20000  837068
  20000   40000 1035922
  20000   40000  876092
  20000   40000  876006
  20000   40000  876088
monica_dirbatch191.npy
  20000   20000  837296
  20000   40000 1035706
  20000   40000  876050
  20000   40000  876040
  20000   40000  876080
monica_dirbatch192.npy
  20000   20000  837054
  20000   40000 1035486
  20000   40000  876066
  20000   40000  875940
  20000   40000  876016
monica_dirbatch193.npy
  20000   20000  837250
  20000   40000 1035800
  20000   40000  876004
  20000   40000  875820
  20000   40000  875846
monica_dirbatch194.npy
  20000   20000  837316
  20000   40000 1035822
  20000   40000  875942
  20000   40000  875886
  20000   40000  875978
monica_dirbatch195.npy
  20000   20000  837206
  20000   40000 1035658
  20000   40000  876078
  20000   40000  876032
  20000   40000  875974
monica_dirbatch196.npy
  20000   20000  837002
  20000   40000 1035718
  20000   40000  875966
  20000   40000  876070
  20000   40000  875928
monica_dirbatch197.npy
  20000   20000  837212
  20000   40000 1035980
  20000   40000  876012
  20000   40000  875816
  20000   40000  875984
monica_dirbatch198.npy
  20000   20000  837240
  20000   40000 1035994
  20000   40000  875956
  20000   40000  875962
  20000   40000  875970
monica_dirbatch199.npy
  20000   20000  837316
  20000   40000 1035666
  20000   40000  876138
  20000   40000  876048
  20000   40000  876112
